eat: 0.8513999999999999
dine: 0.8190000000000001
chew: 0.8154
hungry: 0.8073
get_food: 0.8046
cook: 0.801
buy_food: 0.7965
food: 0.7956
