cube: 0.7497
-unblock: 0.7479
housing: 0.7389
-view: 0.735
area: 0.7334999999999999
hold: 0.7299000000000001
anesthetize: 0.7281000000000001
solid: 0.7272000000000001
