collapse: 0.8513999999999999
weaken: 0.7524
fold: 0.7434
happening: 0.7353
illness: 0.7299000000000001
change: 0.7209000000000001
cricket: 0.6678000000000001
