be: 0.7587
arithmetic: 0.7325999999999999
-release: 0.6957
mathematics: 0.6849000000000001
-let: 0.6147
-let_go: 0.6138
-go: 0.6030000000000001
