dry: 0.8513999999999999
-wet: 0.7812
-hydrated: 0.7587
-same_as_wet: 0.7542
chemistry: 0.7424999999999999
-moisturize: 0.7263000000000001
deserts: 0.7227
-wash: 0.7110000000000001
