stance: 0.814
-flaccid: 0.7209000000000001
heraldry: 0.7029000000000001
-soft: 0.5346
