rival: 0.7947000000000001
-ally: 0.7542
-friend: 0.7272000000000001
-enemy: 0.7272000000000001
-girlfriend: 0.6714
-neighbour: 0.6624
-boyfriend: 0.6606
-cove: 0.6003000000000001
