-vilify: 0.7353
embroider: 0.7281000000000001
change: 0.7281000000000001
-slander: 0.6678000000000001
