better: 0.747
-wound: 0.7308000000000001
doctor: 0.6993
humans: 0.6912
rpg: 0.6777
therapist: 0.6678000000000001
-cut: 0.6606
-harm: 0.657
