-assist: 0.7173
-aid: 0.7092
-fore: 0.7020000000000001
-foster: 0.6867
-help: 0.6759000000000001
slang: 0.675
band: 0.6714
euphemistic: 0.6579
