die: 0.872
system: 0.7407
living_thing: 0.7343999999999999
organs: 0.7272000000000001
biology: 0.7272000000000001
ecosystem: 0.7119000000000001
need: 0.7083
cells: 0.675
