gay: 0.801
associate: 0.7497
supply: 0.7290000000000001
act: 0.7245
person: 0.7155
kissing: 0.6930000000000001
jamaica: 0.6759000000000001
book: 0.6453
