dispute: 0.8253
argue: 0.7938000000000001
disagreement: 0.7803
arrow: 0.7191000000000001
