return: 0.8513999999999999
reciprocate: 0.7686
bring: 0.7434
turning: 0.7353
submit: 0.7325999999999999
football: 0.7317
transport: 0.7299000000000001
tennis: 0.7191000000000001
