tending: 0.789
herder: 0.7767000000000001
bell_sheep: 0.7731
herdsman: 0.7686
clergyman: 0.7424999999999999
minding: 0.7415999999999999
tend: 0.7308000000000001
guard: 0.7272000000000001
