stand: 0.8513999999999999
market: 0.831
arise: 0.7839
table: 0.7569
stay: 0.7524
position: 0.7524
be: 0.7505999999999999
resist: 0.7505999999999999
