move: 0.7497
better: 0.7398
travel: 0.738
sum: 0.7317
increase: 0.7299000000000001
lend: 0.7281000000000001
set: 0.7227
propose: 0.7173
