-open: 0.765
end: 0.756
approach: 0.7542
move: 0.7407
join: 0.7371
barricade: 0.7290000000000001
prosecute: 0.7281000000000001
trade: 0.7272000000000001
