-inexact: 0.7884
-estimate: 0.6876
algebra: 0.6768000000000001
-almost: 0.6525
-change: 0.6335999999999999
