fill: 0.8513999999999999
-empty: 0.7965
hire: 0.7461
enough: 0.7415999999999999
repair: 0.7325999999999999
change: 0.7290000000000001
change_state: 0.7236
bladder: 0.723
