system: 0.833
increase_efficiency: 0.8199000000000001
maze: 0.8109000000000001
intricate: 0.7902
-untangle: 0.7839
complex: 0.7722
perplexity: 0.7695
method: 0.7668
