move: 0.8513999999999999
change: 0.7542
sell: 0.7497
-stay: 0.7452
propose: 0.7281000000000001
-still: 0.7263000000000001
game: 0.7191000000000001
mouse: 0.6957
