withdraw: 0.7857000000000001
change: 0.7101000000000001
-proceed: 0.7047
-grow: 0.675
