baseball: 0.792
have_no_money: 0.7551
gain: 0.7424999999999999
take: 0.7371
move: 0.7290000000000001
want_money: 0.7236
midgets: 0.7110000000000001
get: 0.7011000000000001
