stifle: 0.8073
obstruct: 0.7605
die: 0.7569
become: 0.7191000000000001
feel: 0.7110000000000001
-breath: 0.6588
kill_people: 0.6245999999999999
