turn: 0.7767000000000001
switch: 0.7488
nautical: 0.7020000000000001
-back: 0.6849000000000001
-haul_forward: 0.6804
archaic: 0.6534
