investment: 0.7614
gain: 0.7524
accept: 0.738
product: 0.7308000000000001
supply: 0.7209000000000001
law: 0.6606
